% JMJ

% This file contains annual hourly load data and annual wind generation data (Load Factor (p.u.), WF A (\100%) and
% WF B (\100%).
SCENARIOS = [    
    0.8172    0.0878    0.1016
    0.7719    0.4689    0.4880
    0.5478    0.1425    0.1695
    0.5598    0.9467    0.9355
    0.7498    0.0344    0.0481
    0.5369    0.4763    0.5003
    0.6219    0.2127    0.2426
    0.6345    0.7009    0.7045
    0.8275    0.3489    0.3599
    0.6557    0.4334    0.4528
    0.5149    0.0405    0.0499
    0.4428    0.9539    0.9562
    0.6019    0.0454    0.0600
    0.5298    0.5974    0.6081
    0.4381    0.2778    0.3109
    0.4957    0.7863    0.7934
    0.8680    0.2222    0.2438
    0.6078    0.5655    0.5812
    0.4607    0.1781    0.2026
    0.4994    0.8877    0.8851
    0.6758    0.1007    0.1245
    0.4373    0.4642    0.4104
    0.5333    0.2585    0.2861
    0.5358    0.6938    0.7062
    0.7146    0.2554    0.2703
    0.4547    0.0870    0.1051
    0.4471    0.5651    0.5836
    0.5022    0.3534    0.3857
    0.4409    0.6768    0.6975
    0.8403    0.0537    0.0710
    0.8335    0.6000    0.5933
    0.5902    0.8153    0.8106
    0.7275    0.3510    0.3839
    0.5925    0.3646    0.3827
    0.4118    0.8003    0.8134
    0.7912    0.1572    0.1709
    0.4390    0.4221    0.5080
    0.6969    0.5510    0.5414
    0.7114    0.8091    0.7924
    0.7207    0.6172    0.6296
    0.8362    0.7112    0.6946];